
-90.0	34.7999	-21.6215

-90.0	34.7999	122.5152

-90.0	34.7999	94.7807

-165.7911	-90.0	0.0

63.3516	-90.0	0.0

15.2392	-90.0	0.0

177.3301	-90.0	0.0

90.0	145.2001	22.3984

-90.0	34.7999	20.3543

90.0	-0.0	-7.665

90.0	-0.0	110.1453

-180.0	0.0	-63.8504

90.0	145.2001	-0.4433

-90.0	34.7999	21.4596

90.0	145.2001	31.2519

-90.0	34.7999	24.9632

-90.0	34.7999	109.0611

-90.0	34.7999	61.8071

-90.0	34.7999	-82.2071

90.0	145.2001	32.2177

-90.0	34.7999	-93.0633

-0.0	0.0	7.7162

-90.0	34.7999	1.6762

180.0	-0.0	65.8883

90.0	-0.0	172.5198

-90.0	34.7999	15.0254

-90.0	34.7999	-54.9068

-180.0	0.0	73.9493

90.0	-0.0	-156.6521

90.0	145.2001	2.7511

180.0	-0.0	-48.7078

-90.0	34.7999	83.6931

90.0	-0.0	69.4074

90.0	145.2001	-17.7163

-180.0	0.0	12.2275

90.0	-0.0	107.3355

90.0	-0.0	76.1408

90.0	-0.0	-84.7061

90.0	145.2001	24.927

-0.0	0.0	-61.1569

-70.4739	-90.0	0.0

-86.9685	34.9111	-100.4843

142.2717	-90.0	0.0

-90.0	34.7999	39.9134

-180.0	0.0	83.2434

-90.0	34.7999	-0.4506

-90.0	34.7999	131.0884

-90.0	34.7999	-128.4927

90.0	-0.0	-71.3333

90.0	145.2001	-11.619

-0.0	0.0	-179.2199

93.6203	-90.0	0.0

-90.0	34.7999	68.5449

0.0	-0.0	160.647

0.0	0.0	-141.7721

-90.0	34.7999	106.3146

-90.0	34.7999	-49.7935

-148.7971	-90.0	0.0

98.6607	-90.0	0.0

-90.0	34.7999	-37.1897

90.0	-0.0	-70.1529

-90.0	34.7999	126.5097

180.0	-0.0	67.634

-90.0	34.7999	-135.1093

-0.0	-0.0	20.4179

180.0	-0.0	33.2354

90.0	-0.0	-98.1775

-90.0	34.7999	87.8592

90.0	145.2001	33.6404

-90.0	34.7999	-42.2277

-0.0	-180.0	-30.272

90.0	145.2001	-0.1104

-33.9878	-90.0	0.0

-0.0	180.0	15.9216

0.0	0.0	-79.9926

0.0	0.0	50.1609

0.0	180.0	-37.6226

-0.0	0.0	-166.3395

0.0	0.0	165.436

-90.0	34.7999	-11.2587

-90.0	34.7999	143.3367

-90.0	34.7999	47.3967

90.0	145.2001	13.6348

90.0	-0.0	-118.7424

90.0	-0.0	-10.0371

0.0	0.0	46.9319

-90.0	34.7999	-117.6922

-180.0	-0.0	-8.0942

-90.0	34.7999	84.8313

-90.0	34.7999	65.0758

90.0	145.2001	-21.0471

90.0	145.2001	-25.8446

0.0	180.0	-53.3589

-0.0	-0.0	-73.4174

-90.0	34.7999	68.2182

-0.0	-0.0	170.7028

-90.0	34.7999	80.0313

147.9076	-90.0	0.0

90.0	-0.0	-149.5582

-90.0	34.7999	-19.1896

-90.0	34.7999	-16.0619

-90.0	34.7999	24.2156

90.0	-0.0	55.6523

90.0	-0.0	-88.4331

-90.0	34.7999	65.0991

90.0	-0.0	-108.4796

90.0	-0.0	160.5509

-0.0	180.0	-44.5873

-90.0	34.7999	8.7139

32.7954	-90.0	0.0

90.0	145.2001	13.6678

-90.0	34.7999	-95.5417

-90.0	34.7999	61.7575

90.0	145.2001	2.5094

180.0	0.0	47.7349

-90.0	34.7999	-106.7387

-20.7186	-90.0	0.0

-90.0	34.7999	-96.6308

90.0	145.2001	29.778

0.0	0.0	-83.8534

-90.0	34.7999	-118.2588

-90.0	34.7999	72.4528

90.0	145.2001	-27.1775

90.0	145.2001	-2.6427

-0.0	0.0	30.8832

90.0	145.2001	33.421

-90.0	34.7999	-100.2142

90.0	145.2001	-18.287

-90.0	34.7999	-55.5953

90.0	-0.0	-175.3189

-90.0	34.7999	-140.3941

-90.0	34.7999	107.3539

90.0	145.2001	33.3902

90.0	145.2001	-28.7117

-163.473	11.1836	15.2941

90.0	0.0	81.9065

-90.0	34.7999	129.402

-90.0	34.7999	-58.6601

-90.0	34.7999	123.1143

-90.0	34.7999	22.5368

90.0	0.0	165.8281

0.0	-180.0	6.9725

90.0	-0.0	150.7549

-90.0	34.7999	53.4782

-90.0	34.7999	17.6494

-90.0	34.7999	-70.1799

-90.0	34.7999	-84.989

-90.0	34.7999	0.8824

-0.0	0.0	93.2491

-90.0	34.7999	-9.8839

-90.0	34.7999	86.1999

-90.0	34.7999	-68.1435

-90.0	34.7999	34.8411

-90.0	34.7999	-44.9298

90.0	145.2001	-14.558

-90.0	34.7999	80.4256

-90.0	34.7999	109.261

-154.5429	-90.0	0.0

90.0	-0.0	-95.7732

0.0	180.0	84.5855

-90.0	34.7999	100.5446

90.0	145.2001	5.1749

-90.0	34.7999	53.0832

-148.4032	-90.0	0.0

-90.0	34.7999	52.9363

-0.0	0.0	-20.1596

-90.0	34.7999	-34.0198

-90.0	34.7999	95.5796

-90.0	34.7999	0.2009

-90.0	34.7999	-3.8055

-90.0	34.7999	-7.7643

-71.95	-90.0	0.0

-90.0	34.7999	128.2269

90.0	145.2001	13.519

-90.0	34.7999	59.731

90.0	-0.0	38.1201

0.0	180.0	50.1478

-90.0	34.7999	-16.6115

-90.0	34.7999	60.5083

-90.0	34.7999	-57.9305

-90.0	34.7999	70.9973

90.0	0.0	-165.7888

-90.0	34.7999	-102.6717

0.0	0.0	-96.494

90.0	-0.0	-57.5264

133.0527	-90.0	0.0

0.0	0.0	61.7056

-90.0	34.7999	1.1946

-180.0	-0.0	10.2174

-0.0	-180.0	-59.2176

0.0	-0.0	29.928

90.0	145.2001	7.3972

32.0441	-90.0	0.0

-90.0	34.7999	-111.7736

-91.2324	-90.0	0.0

90.0	-0.0	-150.5509

90.0	145.2001	30.4541

-90.0	34.7999	-10.2187

0.0	180.0	51.5289

-90.0	34.7999	-13.4953

-90.0	34.7999	36.4724

180.0	0.0	15.8199

-90.0	34.7999	-62.6806

-81.2602	-90.0	0.0

90.0	-0.0	-15.0708

180.0	-0.0	14.3625

-0.0	180.0	-11.942

-0.0	-0.0	102.8007

-90.0	34.7999	142.7856

-90.0	34.7999	34.8778

-90.0	34.7999	-82.2905

90.0	-0.0	154.4611

90.0	-0.0	108.3449

124.8859	-90.0	0.0

-90.0	34.7999	83.891

180.0	-0.0	-3.8928

-90.0	34.7999	-46.7188

0.0	-180.0	46.9434

90.0	145.2001	32.1435

90.0	145.2001	16.3127

-90.0	34.7999	-73.3064

90.0	0.0	143.1887

-90.0	34.7999	43.0729

-90.0	34.7999	-19.6495

180.0	0.0	-21.7703

-90.0	34.7999	-85.5502

-90.0	34.7999	117.8851

-90.0	34.7999	144.8057

-88.3012	34.4559	-97.6147

-90.0	34.7999	52.9083

-19.7781	-90.0	0.0

0.0	-0.0	113.2361

1.915	-90.0	0.0

-90.0	34.7999	-33.2877

-90.0	34.7999	-43.6185

0.0	180.0	83.5412

-90.0	34.7999	-116.1243

-90.0	34.7999	73.8288

90.0	145.2001	-18.1922

8.2025	-90.0	0.0

-180.0	0.0	-64.4788

90.0	-0.0	-71.0428

90.0	145.2001	7.8057

-90.0	34.7999	33.7539

-90.0	34.7999	-46.7223

-90.0	34.7999	29.2848

90.0	145.2001	7.4331

0.0	-0.0	19.972

-0.0	180.0	40.925

-90.0	34.7999	-104.9589

-90.0	34.7999	126.7408

-90.0	34.7999	13.0563

90.0	0.0	71.5051

-90.0	34.7999	-140.4547

-90.0	34.7999	-139.2083

90.0	145.2001	-19.9917

-90.0	34.7999	-15.8118

90.0	-0.0	-165.3497

90.0	145.2001	11.9791

90.0	-0.0	46.8271

-0.0319	-90.0	0.0

-90.0	34.7999	7.6605

-90.0	34.7999	143.1611

-90.0	34.7999	136.644

90.0	0.0	-152.7308

-90.0	34.7999	-122.7253

90.0	-0.0	101.64

-90.0	34.7999	99.015

0.0	180.0	-67.5876

90.0	-0.0	78.1862

-0.0	-0.0	153.9978

90.0	145.2001	6.2965

90.0	-0.0	-104.5101

-90.0	34.7999	-137.7491

-0.0	-0.0	22.0945

90.0	145.2001	11.3536

0.0	-0.0	91.9235

-90.0	34.7999	117.6137

15.1449	-90.0	0.0

-90.0	34.7999	-63.0928

0.0	0.0	105.9701

90.0	-0.0	160.6021

-90.0	34.7999	8.1673

-90.0	34.7999	33.7113

-90.0	34.7999	128.5348

-90.0	34.7999	-31.3643

-90.0	34.7999	65.449

-90.0	34.7999	-14.1598

-90.0	34.7999	99.3523

0.0	0.0	-118.311

-90.0	34.7999	97.7319

90.0	-0.0	-134.8712

-90.0	34.7999	-27.193

-90.0	34.7999	-134.6865

-90.0	34.7999	-55.4425

90.0	145.2001	-27.2953

-90.0	34.7999	-36.8578

90.0	145.2001	17.0923

0.0	0.0	-31.9949

-90.1434	34.6217	105.8487

90.0	-0.0	18.1481

-90.0	34.7999	102.3196

-90.0	34.7999	73.356

90.0	-0.0	-129.1031

-180.0	0.0	-16.7686

-90.0	34.7999	-110.836

180.0	0.0	-56.59

90.0	145.2001	-15.6405

-90.0	34.7999	-86.9675

-90.0	34.7999	124.3717

180.0	-0.0	26.8287

90.0	145.2001	25.8169

89.0742	-90.0	0.0

-90.0	34.7999	-137.0866

-90.0	34.7999	37.948

90.0	-0.0	147.3384

-90.0	34.7999	-22.5015

-90.0	34.7999	91.1251

-90.0	34.7999	62.5646

5.6593	-90.0	0.0

-90.0	34.7999	-105.7547

-90.0	34.7999	-8.199

90.0	145.2001	4.9633

-90.0	34.7999	33.9497

90.0	-0.0	-138.5397

-0.0	0.0	65.6882

-0.0	0.0	-128.6881

111.4402	-90.0	0.0

90.0	145.2001	5.1998

-0.0	0.0	-75.8014

-90.0	34.7999	127.3748

90.0	-0.0	-81.2999

-90.0	34.7999	24.3183

151.6523	-90.0	0.0

-0.0	0.0	166.0153

90.0	0.0	-90.9803

96.5228	-90.0	0.0

90.0	-0.0	148.0159

-90.0	34.7999	-69.0083

90.0	-0.0	-165.9131

90.0	-0.0	157.7661

-90.0	34.7999	-118.3543

0.0	-180.0	-22.2855

-90.0	34.7999	-8.2714

-0.0	0.0	23.6504

-0.0	-180.0	20.3808

90.0	145.2001	17.1802

90.0	145.2001	9.5473

-90.0	34.7999	-33.3958

-0.0	-0.0	140.7335

90.0	-0.0	-57.5475

-0.0	-180.0	-12.2632

-0.0	0.0	-157.5467

-0.0	0.0	17.3421

-0.0	-0.0	-47.3901

180.0	-0.0	56.5016

-0.0	0.0	46.7

-44.0931	-90.0	0.0

90.0	145.2001	-28.5333

-0.0	-0.0	-21.3516

90.0	145.2001	-4.1539

-90.0	34.7999	-73.5213

90.0	-0.0	-15.4657

-162.1417	-90.0	0.0

-90.0	34.7999	37.8865

-90.0	34.7999	-62.5418

-0.0	0.0	158.0109

0.0	-0.0	40.6976

-90.0	34.7999	101.1334

90.0	-0.0	35.4127

-90.0	34.7999	-45.0121

-90.0	34.7999	-129.2339

90.0	145.2001	-31.7129

-90.0	34.7999	-61.225

-0.0	180.0	-53.5357

-90.0	34.7999	-140.8808

-90.0	34.7999	41.4556

90.0	145.2001	15.2964

90.0	-0.0	60.8141

-0.0	0.0	-169.6442

-90.0	34.7999	128.3203

153.7784	-90.0	0.0

-90.0	34.7999	40.0457

0.0	180.0	81.0046

90.0	-0.0	127.4506

168.444	-90.0	0.0

-90.0	34.7999	-125.1114

-90.0	34.7999	102.1731

-155.3784	-90.0	0.0

-90.0	34.7999	9.4151

-0.0	0.0	-117.2883

-0.0	-0.0	108.7144

-0.0	180.0	50.2209

-90.0	34.7999	14.561

0.0	-0.0	-169.1554

104.5541	-90.0	0.0

43.9392	-90.0	0.0

-90.0	34.7999	-4.1054

-90.0	34.7999	76.5334

-90.0	34.7999	118.1493

-90.0	34.7999	-140.9303

-90.0	34.7999	-16.482

-90.0	34.7999	21.5893

-90.0	34.7999	-135.7134

-90.0	34.7999	3.7136

-88.0764	34.7847	55.6128

90.0	-0.0	-56.5883

-90.0	34.7999	95.6598

90.0	0.0	94.1231

-160.4208	-90.0	0.0

-90.0	34.7999	11.5379

90.0	145.2001	17.2311

-90.0	34.7999	-69.4465

90.0	145.2001	-4.9408

-90.0	34.7999	-130.0424

-90.0	34.7999	-25.068

-0.0	0.0	122.7375

90.0	145.2001	6.7632

90.0	-0.0	-47.2645

-90.0	34.7999	-97.1501

0.0	-180.0	14.7492

-90.0	34.7999	137.5963

-90.0	34.7999	30.9996

-90.0	34.7999	-106.1868

-90.0	34.7999	127.6806

-90.0	34.7999	-46.7689

0.0	0.0	-8.6391

90.0	-0.0	106.3007

0.0	0.0	-134.1706

-90.0	34.7999	-55.5366

-90.0	34.7999	135.8994

-90.0	34.7999	-139.1397

40.7837	-90.0	0.0

90.0	145.2001	28.7114

90.0	-0.0	-136.8888

-90.0	34.7999	-32.7921

0.0	0.0	-34.0272

90.0	-0.0	-109.1567

-90.0	34.7999	30.6674

-21.149	-90.0	0.0

90.0	-0.0	-89.9401

-90.0	34.7999	127.9966

90.0	-0.0	-53.3035

-90.0	34.7999	-37.2368

-90.0	34.7999	22.3368

-90.0	34.7999	-38.965

0.0	-0.0	-88.6458

-90.0	34.7999	-72.6258

90.0	-0.0	-77.0081

-136.4474	-90.0	0.0

-90.0	34.7999	-99.0367

-0.0	0.0	39.3415

51.6809	-90.0	0.0

-0.0	-0.0	-140.2762

90.0	145.2001	21.1279

-0.0	0.0	-132.4046

-90.0	34.7999	105.5625

-90.0	34.7999	-18.3244

-46.4022	-90.0	0.0

180.0	0.0	-43.9246

-90.0	34.7999	-86.9465

-90.0	34.7999	-21.5168

21.4985	-90.0	0.0

34.3239	-90.0	0.0

-90.0	34.7999	-99.5221

0.0	-0.0	-69.616

90.0	-0.0	65.8516

-90.0	34.7999	48.0531

0.0	-0.0	67.3581

-90.0	34.7999	26.6091

-90.0	34.7999	127.9802

-90.0	34.7999	-134.5325

89.9963	0.0	-164.4557

90.0	145.2001	0.2957

-90.0	34.7999	26.8678

-90.0	34.7999	-92.3157

-90.0	34.7999	20.9002

-0.0	0.0	46.9335

-90.0	34.7999	-2.0407

-90.0	34.7999	74.3568

90.0	-0.0	140.0902

-90.0	34.7999	-10.7853

90.0	145.2001	-22.8547

90.0	145.2001	26.951

-153.2146	-90.0	0.0

90.0	-0.0	144.0361

110.0901	-90.0	0.0

90.0	-0.0	33.8973

90.0	-0.0	-15.6929

-90.0	34.7999	1.0826

90.0	-0.0	-115.0922

0.0	-0.0	-96.5301

-90.0	34.7999	137.4966

0.0	-0.0	-28.5514

90.0	145.2001	30.3903

-90.0	34.7998	63.691

-47.1226	-90.0	0.0

-90.0	34.7999	-137.9661

-90.0	34.7999	24.8008

90.0	145.2001	29.277

-90.0	34.7999	-140.5893

-0.0	0.0	129.8569

-90.0	34.7999	82.1065

-56.8877	-90.0	0.0

-90.0	34.7999	47.2093

90.0	-0.0	-109.0624

90.0	145.2001	-34.7249

-90.0	34.7999	-69.5664

90.0	145.2001	23.2592

-90.0	34.7999	19.8752

0.0	-0.0	13.1767

90.0	145.2001	17.8859

-90.0	34.7998	-93.7483

140.0861	-90.0	0.0

-90.0	34.7999	94.9326

180.0	-0.0	-44.6392

0.0	180.0	-84.1398

90.0	-0.0	-29.1327

-0.0	-0.0	58.3073

-90.0	34.7999	-42.2477

-180.0	-0.0	-67.2759

0.0	-0.0	-153.8002

-90.0	34.7999	111.3396

124.2303	-90.0	0.0

-0.0	-0.0	47.8287

-90.0	34.7999	139.7329

-90.0	34.7999	20.2628

148.0795	-90.0	0.0

180.0	0.0	-1.5707

90.0	145.2001	21.9117

-90.0	34.7999	-10.281

90.0	145.2001	-25.837

180.0	0.0	-42.4219

90.0	-0.0	-58.1471

0.0	0.0	95.9841

94.6784	-69.6262	-9.9765

90.0	-0.0	17.5089

90.0	-0.0	72.2619

90.0	145.2001	-23.9417

-90.0	34.7999	112.9991

-0.0	-0.0	107.1796

-90.0	34.7999	-53.589

149.2743	-90.0	0.0

-90.0	34.7999	1.0369

90.0	-0.0	-68.8049

90.0	-0.0	62.0725

-90.0	34.7999	-4.373

-90.0	34.7999	-7.6817

-90.0	34.7999	-89.4433

-90.0	34.7999	-142.5832

-90.0	34.7999	-75.1155

-90.0	34.7999	48.3971

90.0	145.2001	-9.5133

-90.0	34.7999	8.6825

37.3336	-90.0	0.0

-90.0	34.7999	43.0827

4.4039	-90.0	0.0

-90.0	34.7999	-34.8367

90.0	145.2001	18.2172

-90.0	34.7999	10.5034

158.9671	-90.0	0.0

-180.0	0.0	-25.4272

-90.0	34.7999	136.9416

90.0	-0.0	113.4178

90.0	-0.0	-55.065

90.0	145.2001	-28.8004

-90.0	34.7999	-21.1463

-21.2821	-90.0	0.0

33.578	-90.0	0.0

-90.0	34.7999	-106.9508

0.0	-0.0	163.1827

-90.0	34.7999	-98.239

90.0	-0.0	156.8647

-90.0	34.7999	-133.6297

-90.0	34.7999	-91.8698

90.0	-0.0	-161.5492

-90.0	34.7999	69.0243

-0.0	0.0	113.194

-90.0	34.7999	127.6764

-90.0	34.7999	114.2374

90.0	145.2001	21.5505

-90.0	34.7999	-5.5686

-90.0	34.7999	-76.7743

-0.0	0.0	-32.0572

85.153	-90.0	0.0

90.0	145.2001	31.6061

0.0	-0.0	-100.5105

-90.0	34.7999	4.9791

-90.0	34.7999	-68.94

-90.0	34.7999	-16.8983

90.0	-0.0	0.8071

-90.0	34.7999	-106.1043

90.0	-0.0	95.2857

90.0	145.2001	-1.2069

90.0	-0.0	72.7411

0.0	0.0	4.0636

-0.0	180.0	-49.2633

-90.0	34.7999	116.8689

-90.0	34.7999	20.4165

-0.0	180.0	58.3914

0.0	180.0	-61.3252

-90.0	34.7999	98.7422

-90.0	34.7999	-60.0069

90.0	-0.0	81.0447

-90.0	34.7999	82.7442

-90.0	34.7999	-119.705

-90.0	34.7999	85.9916

-90.0	34.7999	-45.1455

83.7088	-90.0	0.0

90.0	-0.0	32.6714

90.0	145.2001	-7.4792

-0.0	-0.0	108.1105

0.0	-180.0	-1.9296

21.2981	-90.0	0.0

69.4186	-90.0	0.0

90.0	145.2001	13.7225

-90.0	34.7999	90.8512

-0.0	0.0	-152.6435

-90.0	34.7999	-57.429

90.0	145.2001	28.9343

-90.0	34.7999	-20.4126

-13.225	-90.0	0.0

-90.0	34.7999	-89.4456

90.0	-0.0	101.046

-154.1148	-90.0	0.0

0.0	180.0	-45.9959

180.0	-0.0	81.3493

90.0	145.2001	9.5036

-90.0	34.7999	-136.9714

90.0	-0.0	-92.9969

0.0	-0.0	-101.1546

-93.9707	-90.0	0.0

-90.0	34.7999	52.1689

-90.0	34.7999	-105.6176

90.0	-0.0	-15.3902

-90.0	34.7999	-144.4974

90.0	145.2001	-23.7134

-0.0	180.0	-72.0711

-148.6578	-90.0	0.0

-90.0	34.7999	40.4835

-90.0	34.7999	27.5323

90.0	-0.0	-70.2426

-90.0	34.7999	110.1328

90.0	145.2001	-19.6476

-180.0	0.0	-1.6288

-0.0	-180.0	76.6672

-90.0	34.7999	79.2143

-160.024	-90.0	0.0

-90.0	34.7999	-60.3721

-90.0	34.7999	28.0197

-90.0	34.7999	117.1683

-0.0	0.0	-1.4013

0.0	-0.0	133.3171

90.0	-0.0	-0.4578

-90.0	34.7999	-104.0338

90.0	145.2001	5.2181

180.0	-0.0	-55.8318

-2.5383	-90.0	0.0

-90.0	34.7999	-33.2333

-0.0	0.0	38.1115

-90.0	34.7999	21.5473

-90.0	34.7999	-132.8388

-125.4781	-90.0	0.0

90.0	-0.0	-127.6076

90.0	-0.0	11.9237

90.0	145.2001	-11.1099

0.0	-0.0	140.2268

-90.0	34.7999	24.0577

-90.0	34.7999	-95.4872

-90.0	34.7999	109.6499

-90.0	34.7999	90.0829

-180.0	0.0	-65.1365

-90.0	34.7999	-125.6256

-90.0	34.7999	-69.4717

-0.0	-180.0	-45.2383

90.0	-0.0	20.2299

-90.0	34.7999	-89.508

-90.0	34.7999	42.0587

0.0	180.0	-72.3203

-90.0	34.7999	-56.0383

90.0	-0.0	154.3698

-90.0	34.7999	34.4691

-90.0	34.7999	-68.742

-126.1274	-90.0	0.0

90.0	-0.0	-171.7463

-90.0	34.7999	-10.4812

-90.0	34.7999	-83.9346

-0.0	180.0	81.627

90.0	145.2001	28.6662

0.0	0.0	-17.7897

110.2406	-90.0	0.0

90.0	-0.0	-119.3288

-90.0	34.7999	108.698

-90.0	34.7999	62.7779

-90.0	34.7999	-75.9564

90.0	-0.0	-141.8546

90.0	145.2001	-26.0922

90.0	145.2001	-19.8076

90.0	145.2001	7.656

180.0	-0.0	-22.8211

-90.0	34.7999	95.7546

67.2807	-90.0	0.0

0.0	180.0	-59.915

-90.0	34.7999	-3.2599

-90.0	34.7999	-11.9266

90.0	-0.0	71.4581

180.0	-0.0	-4.5278

-90.0	34.7999	-101.9325

-90.0	34.7999	117.162

0.0	0.0	-136.4748

-128.7252	-90.0	0.0

-20.4613	-90.0	0.0

-0.0	-0.0	-13.3815

90.0	-0.0	99.2564

-90.0	34.7999	-27.6051

0.0	-0.0	56.3931

180.0	-0.0	-20.1373

-90.0	34.7999	-14.5956

90.0	145.2001	33.159

-90.0	34.7999	-27.3115

-90.0	34.7999	-9.3978

-90.0	34.7999	-86.6696

-90.0	34.7999	5.2673

164.9334	-90.0	0.0

-90.0	34.7999	-111.3784

-90.0	34.7999	-124.9133

-90.0	34.7999	-110.1551

0.0	0.0	-69.421

-90.0	34.7999	26.6372

90.0	-0.0	-107.8341

90.0	-0.0	-40.4803

-0.0	-0.0	-167.2661

-90.0	34.7999	57.7313

-179.8679	0.0918	-39.8152

-131.5088	-90.0	0.0

-90.0	34.7999	41.6024

-90.0	34.7999	-55.6743

34.5615	-90.0	0.0

-90.0	34.7999	-48.6686

-0.0	0.0	-131.9574

90.0001	0.0	-58.5235

90.0	-0.0	-1.2344

-90.0	34.7999	103.795

96.7433	-90.0	0.0

90.0	0.0	171.0098

-90.0	34.7999	-6.362

-0.0	-0.0	-124.0649

149.575	-90.0	0.0

-180.0	-0.0	83.8472

-0.0	-180.0	-0.4027

-133.4274	-90.0	0.0

-0.0	180.0	-50.5378

-180.0	0.0	-22.4229

-90.0	34.7999	32.0494

90.0	145.2001	-27.3856

-0.0	0.0	-76.1007

153.8607	-90.0	0.0

-90.0	34.7999	60.8927

90.0	-0.0	2.8247

0.0	0.0	-133.3099

-90.0	34.7999	55.4484

0.0	180.0	-67.7043

-90.0	34.7999	-82.9708

90.0	145.2001	-7.2974

90.0	145.2001	-6.8649

0.0	0.0	152.0946

-90.0	34.7999	-42.2194

90.0	0.0	8.5603

90.0	-0.0	-38.0088

-90.0	34.7999	64.2007

-0.0	-180.0	22.2367

-90.0	34.7999	-15.1976

0.0	-180.0	-72.591

-90.0	34.7999	93.1549

90.0	-0.0	77.5177

-0.0	-0.0	-120.7174

90.0	-0.0	151.3929

90.0	145.2001	-12.398

0.0	0.0	44.99

-0.0	-0.0	130.5227

90.0	0.0	-101.97

63.1714	-90.0	0.0

90.0	-0.0	-3.1876

46.8609	-90.0	0.0

0.0	180.0	17.2874

-90.0	34.7999	-71.4563

55.4591	-90.0	0.0

0.0	0.0	-50.2015

-90.0	34.7999	-12.0044

90.0	-0.0	121.9918

90.0	0.0	13.477

-90.0	34.7999	-77.2579

-90.0	34.7999	83.0039

-0.0	-0.0	-107.6274

-122.2159	-90.0	0.0

90.0	-0.0	-124.5057

-90.0	34.7999	-8.5708

0.0	-0.0	-158.6739

-0.0	-0.0	108.7626

180.0	-0.0	10.426

112.3792	-90.0	0.0

90.0	145.2001	17.792

90.0	145.2001	-27.5472

-0.0	0.0	-146.8586

90.0	145.2001	-25.1362

-0.0	0.0	82.2555

-75.0212	5.568	83.1761

90.0	0.0	-147.547

-90.0	34.7999	-114.0124

-0.0	-180.0	-50.5107

-180.0	-0.0	70.848

90.0	145.2001	23.0524

0.0	-180.0	-12.3392

180.0	-0.0	-63.6642

-90.0	34.7999	28.3514

90.0	-0.0	-123.5964

53.7166	-90.0	0.0

90.0	-0.0	-173.6804

-0.0	180.0	5.5472

-90.0	34.7999	-91.472

0.0	-0.0	29.6998

-90.0	34.7999	22.9407

-90.0	-142.9487	-16.1785

-90.0	34.7999	52.1967

108.5266	-90.0	0.0

-90.0	34.7999	107.1848

90.0	145.2001	-2.7956

-90.0	34.7999	131.7392

0.0	0.0	-59.4201

90.0	1.9013	127.9416

90.0	145.2001	10.5734

90.0	-0.0	-162.1038

-90.0	34.7999	-41.5988

90.0	-0.0	-128.272

90.0	145.2001	18.5957

90.0	-0.0	31.2143

0.0	180.0	65.852

-0.0	-0.0	-125.8043

90.0	145.2001	-7.1769

-90.0	34.7999	-49.2883

90.0	-0.0	109.1084

0.0	180.0	-45.033

-0.0	-180.0	32.6294

-0.0	-180.0	-38.3477

-90.0	34.7999	52.9919

-90.0	34.7999	-130.4362

90.0	145.2001	-10.7203

-90.0	34.7999	-106.7811

-90.0	34.7999	124.2607

90.0	-0.0	63.5776

90.0	-0.0	-35.6987

-90.0	34.7999	113.218

-90.0	34.7999	-93.9197

90.0	0.0	-16.5433

-90.0	34.7999	37.9241

-90.0	34.7999	132.026

-90.0	34.7999	32.8418

90.0	-0.0	-89.6919

-90.0	34.7999	-29.2452

-0.0	180.0	48.1712

163.1086	-90.0	0.0

-90.0	34.7999	31.2817

-90.0	34.7999	-62.9816

-90.0	34.7999	78.0509

-90.0	34.7999	128.6332

90.0	145.2001	-14.2018

-90.0	34.7999	-9.2821

-0.0	-180.0	-20.0797

-0.0	0.0	73.6775

90.0	145.2001	2.5867

-90.0	34.7999	39.0876

90.0	-0.0	52.701

-90.0	34.7999	131.4104

151.9645	-90.0	0.0

-90.0	34.7999	-22.3404

-90.0	34.7999	123.0187

-90.0	34.7999	-69.0968

90.0	0.0	-23.0949

-90.0	34.7999	-45.885

90.0	145.2001	9.2886

90.0	-0.0	95.019

0.0	-0.0	-22.9224

-0.0	180.0	-14.2844

0.0	-180.0	-81.7057

90.0	145.2001	-10.5124

28.2306	-90.0	0.0

0.0	0.0	-41.06

89.2774	-0.195	-94.7218

130.2365	-90.0	0.0

-90.0	34.7999	64.7961

90.0	145.2001	24.0014

-90.0	34.7999	-132.9165

0.0	180.0	19.4496

0.0	-180.0	86.7325

-90.0	34.7999	56.3047

90.0	145.2001	34.7282

86.2346	-90.0	0.0

-173.1714	-90.0	0.0

90.0	-0.0	-32.4585

90.0	-0.0	156.5361

-90.0	34.7999	-64.7032

-90.0	34.7999	-42.0473

180.0	-0.0	-14.0918

-90.0	34.7999	-83.6198

-0.0	180.0	14.8321

-90.0	34.7999	-110.6241

90.0	145.2001	-19.452

90.0	0.0	20.8226

63.8591	-90.0	0.0

-180.0	-0.0	-39.6296

-90.0	34.7999	49.6819

-90.0	34.7999	-64.9958

-96.0684	-90.0	0.0

-90.0	34.7999	10.6291

90.0	-0.0	160.5408

-90.0	34.7999	-132.2518

90.0	-0.0	111.9682

-90.0002	34.7999	42.2054

-0.0	0.0	-127.3417

-90.0	34.7999	89.5656

-0.0	0.0	163.5849

-0.0	0.0	-124.5842

133.5236	-90.0	0.0

6.4954	-90.0	0.0

-122.3381	-90.0	0.0

-90.0	34.7999	-108.6941

-0.0	-180.0	-5.9287

46.3751	-90.0	0.0

0.0	0.0	73.8394

-90.0	34.7999	-19.9496

90.0	145.2001	19.434

0.0	-0.0	-34.7213

90.0	-0.0	-34.9165

90.0	-0.0	-138.2513

90.0	-0.0	-178.5554

-90.0	34.7999	-7.0226

-73.856	-90.0	0.0

90.0	145.2001	13.7416

153.4377	-90.0	0.0

90.0	-0.0	-62.7389

0.0	0.0	134.4806

-90.0	34.7999	-35.0175

-90.0	34.7999	-5.1955

-90.0	34.7999	128.977

-0.0	-180.0	74.6722

-90.0	34.7999	5.5513

90.0	-0.0	-150.5729

-90.0	34.7999	30.4393

-90.0	34.7999	-60.0057

0.0	180.0	-50.2667

-90.0	34.7999	68.9039

-90.0	34.7999	114.2564

-90.0	34.7999	-129.3412

90.0	-0.0	140.0593

-90.0	34.7999	-121.3208

-90.0	34.7999	-133.4838

-90.0	34.7999	-44.7499

-90.0	34.7999	-103.2232

-180.0	0.0	31.2357

-90.0	34.7999	72.1746

-91.214	37.2077	-41.7536

90.0	-0.0	81.5772

0.0	-180.0	18.9681

90.0	-0.0	177.8974

-0.0	-0.0	60.3989

-180.0	-0.0	51.3039

90.0	-0.0	106.5133

-90.0	34.7999	-76.1446

-90.0	34.7999	-121.0707

-180.0	0.0	-58.9528

-90.0	34.7999	-141.4585

-90.0	34.7999	100.4567

-0.0	180.0	84.5138

-90.0	34.7999	140.5905

-6.1135	-90.0	0.0

-90.0	34.7999	118.3543

-90.0	34.7999	-132.8153

-90.0	34.7999	-119.86

90.0	145.2001	12.6329

90.0	-0.0	-38.2246

-90.0	34.7999	-59.399

90.0	-0.0	-97.5296

-90.0	34.7999	-72.7619

-90.0	34.7999	-74.6648

-90.0	34.7999	-42.5647

163.9957	-90.0	0.0

-0.0	0.0	172.487

90.0	-0.0	-73.2341

90.0	145.2001	-32.052

-90.0	34.7999	107.0466

-90.0	34.7999	66.0492

-90.0	34.7999	-91.0883

-90.0	34.7999	88.9929

-90.0	34.7999	-66.876

0.0	180.0	-23.5277

0.0	-0.0	-140.4889

90.0	-0.0	-104.1986

0.0	0.0	-22.7473

0.0	-0.0	-37.8055

-0.0	-180.0	7.644
